%YAML:1.0

# 0 kf 1 ba
fusion_model: 1

# predict type
use_imu: 1
# 0 not use 1 predict 2 obs
wheel_use_type: 0

# obs type
# gnss与轮速做时间对齐后一起更新，否则为分开更新
gnss_wheel_align: 1
use_gnss: 1
use_camera: 0

# sensor conv
gyro_noise: 1e-04 # 100hz
gyro_bias_noise: 1e-06 # 100hz
acc_noise: 1e-04 # 100hz
acc_bias_noise: 1e-05 # 100hz

gnss_x_noise: 1e-3
gnss_y_noise: 1e-3
gnss_z_noise: 1e-3

# gnss_x_noise: 5.0
# gnss_y_noise: 5.0
# gnss_z_noise: 10.0

# wheel
# new
wheel_kl: 0.00047820240382508
wheel_kr: 0.00047768621928995
wheel_b: 1.52439
wheel_vel_noise: 5e-03  # 100hz
fix_yz_in_eskf: 0

visual_observation_noise: 100000000.0
cam_distortion_model: radtan
camera_fx: 8.1690378992770002e+02
camera_fy: 8.1156803828490001e+02
camera_cx: 6.0850726281690004e+02
camera_cy: 2.6347599764440002e+02

camera_k1: -5.6143027800000002e-02
camera_k2: 1.3952563200000001e-01
camera_p1: -1.2155906999999999e-03
camera_p2: -9.7281389999999998e-04
camera_k3: 0.0

Rbc: !!opencv-matrix
   rows: 3
   cols: 3
   dt: d
   data: [ -0.00680499, -0.0153215, 0.99985, 
           -0.999977, 0.000334627, -0.00680066,
           -0.000230383, -0.999883, -0.0153234]
tbc: !!opencv-matrix
   rows: 3
   cols: 1
   dt: d
   # data: [1.71239, 0.247401, 1.58411]
   data: [1.71239, 0.247401, -0.11589]

# data
play_speed: 10.0
# data_path: /home/l/slam/data
data_path: ../data/sim_data